9224	3294	2
-0.7943504452705383	6.274909019470215	0.8266215324401855	0.3621748387813568	0.8502525687217712	1.0	0	0.0	0	0.0	0	0.0	0.0	-1.0	-1.0	0.0	0.0	0.0	1.0	0.0
-0.6368702054023743	6.274909019470215	0.8266215324401855	0.3532687723636627	0.8502525687217712	1.0	0	0.0	0	0.0	0	0.0	0.0	-1.0	-1.0	0.0	0.0	0.0	1.0	0.0
-0.6368702054023743	4.77884578704834	0.8266215324401855	0.3532687723636627	0.765644907951355	1.0	0	0.0	0	0.0	0	0.0	0.0	-1.0	-1.0	0.0	0.0	0.0	1.0	0.0
-0.7380965352058411	6.331686019897461	-0.25437211990356445	0.3039547801017761	0.6617841720581055	1.0	0	0.0	0	0.0	0	-0.5720862746238708	0.21229101717472076	-0.7922436594963074	0.751573383808136	0.5224487781524658	-0.402721643447876	0.3284125030040741	-0.825820803642273	-0.45843803882598877
-0.7156103253364563	6.267706871032715	-0.2877535820007324	0.3038293719291687	0.6659951210021973	1.0	0	0.0	0	0.0	0	-0.5720862746238708	0.21229101717472076	-0.7922436594963074	0.7515734434127808	0.5224488377571106	-0.40272167325019836	0.3284125328063965	-0.8258207440376282	-0.45843803882598877
-0.7380965352058411	6.264972686767578	-0.2722487449645996	0.30244216322898865	0.6653129458427429	1.0	0	0.0	0	0.0	0	-0.5720862746238708	0.21229101717472076	-0.7922436594963074	0.751573383808136	0.5224487781524658	-0.402721643447876	0.3284125030040741	-0.825820803642273	-0.45843803882598877
-0.6368702054023743	5.855206489562988	4.032442569732666	0.25984784960746765	0.8015825152397156	1.0	0	0.0	0	0.0	0	0.0	0.8191483616828918	-0.5735817551612854	0.9999995827674866	0.000537420972250402	0.0007675061351619661	0.0009369562612846494	-0.5735815167427063	-0.8191480040550232
-0.7943504452705383	5.81584358215332	3.976227283477783	0.25093817710876465	0.8054552674293518	1.0	0	0.0	0	0.0	0	0.0	0.8191483616828918	-0.5735817551612854	0.9999995827674866	0.000537420972250402	0.0007675060769543052	0.0009369562030769885	-0.5735815167427063	-0.8191480040550232
-0.7943504452705383	5.855206489562988	4.032442569732666	0.25094178318977356	0.801574170589447	1.0	0	0.0	0	0.0	0	0.0	0.8191483616828918	-0.5735817551612854	0.9999996423721313	0.000537420972250402	0.000767506193369627	0.0009369562612846494	-0.5735815167427063	-0.819148063659668
0.7017123103141785	6.267706871032715	-0.2877535820007324	0.7618283629417419	0.5537155866622925	1.0	0	0.0	0	0.0	0	0.4226209223270416	0.003810090711340308	-0.9062985777854919	-0.7140289545059204	0.6172681450843811	-0.33036765456199646	0.5581704378128052	0.7867436408996582	0.26359090209007263
0.7017127871513367	4.778846740722656	-0.29401254653930664	0.7110404372215271	0.4881800413131714	1.0	0	0.0	0	0.0	0	0.4226209223270416	0.003810090711340308	-0.9062985777854919	-0.7140289545059204	0.6172681450843811	-0.3303676247596741	0.55817049741745	0.7867436408996582	0.263590931892395
0.6768338084220886	4.778846740722656	-0.30561399459838867	0.7122567296028137	0.48723334074020386	1.0	0	0.0	0	0.0	0	0.4226209223270416	0.003810090711340308	-0.9062985777854919	-0.7140289545059204	0.6172680854797363	-0.3303676247596741	0.5581704378128052	0.7867436408996582	0.26359090209007263
0.5836026668548584	0.09574568271636963	0.42185258865356445	0.60921710729599	0.9658904075622559	1.0	0	0.0	0	0.0	0	1.0	0.0	0.0	0.0	0.9979252219200134	-0.06438329815864563	0.0	0.06438329815864563	0.9979252219200134
0.5836026668548584	0.07633507251739502	0.40244245529174805	0.6081923246383667	0.9647243022918701	1.0	0	0.0	0	0.0	0	1.0	0.0	0.0	0.0	0.9979252219200134	-0.06438329815864563	0.0	0.06438329815864563	0.9979252219200134
0.5836026668548584	0.2774711847305298	0.34578561782836914	0.6197499632835388	0.9622591733932495	1.0	0	0.0	0	0.0	0	1.0	0.0	0.0	0.0	0.9979252815246582	-0.06438329070806503	0.0	0.06438329070806503	0.9979252815246582
-0.40601569414138794	6.745960712432861	0.8606247901916504	0.9489697217941284	0.32685741782188416	1.0	0	0.0	0	0.0	0	-0.9537084698677063	0.30073264241218567	0.0	-0.30073264241218567	-0.9537084698677063	5.328252427716507e-06	1.6023794842112693e-06	5.081599283585092e-06	1.0
-0.4101470112800598	6.732859134674072	0.8564944267272949	0.9497466683387756	0.3266238272190094	1.0	0	0.0	0	0.0	0	-0.9537084698677063	0.30073264241218567	0.0	-0.30073264241218567	-0.9537084698677063	5.328252427716507e-06	1.6023794842112693e-06	5.081599283585092e-06	1.0
-0.40601569414138794	6.745960712432861	1.1075778007507324	0.9489697217941284	0.3408234715461731	1.0	0	0.0	0	0.0	0	-0.9537084698677063	0.30073264241218567	0.0	-0.30073267221450806	-0.9537085294723511	5.328252427716507e-06	1.6023794842112693e-06	5.081599283585092e-06	1.0
-0.7943504452705383	0.4331923723220825	-1.0462841987609863	0.096538245677948	0.8543540239334106	1.0	0	0.0	0	0.0	0	0.0	-0.08716630935668945	-0.9961938261985779	0.0	-0.9961938261985779	0.08716630190610886	-1.0	0.0	0.0
0.7804529070854187	0.4058462381362915	-1.043891429901123	0.09809065610170364	0.7652933597564697	1.0	0	0.0	0	0.0	0	0.0	-0.08716630935668945	-0.9961938261985779	0.0	-0.9961938261985779	0.08716630935668945	-1.0	0.0	0.0
-0.7943504452705383	0.4058462381362915	-1.043891429901123	0.09809067100286484	0.8543540239334106	1.0	0	0.0	0	0.0	0	0.0	-0.08716630935668945	-0.9961938261985779	0.0	-0.9961937665939331	0.08716630190610886	-1.0	0.0	0.0
0.7241985201835632	6.39428186416626	7.272126197814941	0.5653623938560486	0.6355816125869751	1.0	0	0.0	0	0.0	0	0.7057580947875977	0.29941675066947937	0.6420709490776062	0.7082436084747314	-0.3202167749404907	-0.6291678547859192	0.017218485474586487	0.8987829685211182	-0.4380555748939514
0.7436091303825378	6.325047492980957	7.283076286315918	0.5669866800308228	0.6318519115447998	1.0	0	0.0	0	0.0	0	0.7057580947875977	0.29941675066947937	0.6420709490776062	0.7082436680793762	-0.3202168047428131	-0.6291678547859192	0.017218517139554024	0.8987830281257629	-0.4380556344985962
0.7436091303825378	6.38457727432251	7.255315780639648	0.5669023990631104	0.635524332523346	1.0	0	0.0	0	0.0	0	0.7057580947875977	0.29941675066947937	0.6420709490776062	0.7082436084747314	-0.3202168047428131	-0.6291678547859192	0.01721850037574768	0.8987829685211182	-0.4380556046962738
0.3921177387237549	6.745960712432861	1.1075778007507324	0.8872153759002686	0.9391594529151917	1.0	0	0.0	0	0.0	0	0.9762948155403137	0.21644534170627594	0.0	0.21644534170627594	-0.9762948155403137	2.6583096769172698e-05	5.753786808782024e-06	-2.5952936994144693e-05	-1.0
0.3921177387237549	6.745960712432861	0.8606247901916504	0.8872153759002686	0.953125536441803	1.0	0	0.0	0	0.0	0	0.9762948155403137	0.21644534170627594	0.0	0.21644534170627594	-0.9762948155403137	2.6583096769172698e-05	5.753786808782024e-06	-2.5952936994144693e-05	-1.0
0.3891441822052002	6.759373188018799	1.1046042442321777	0.8864384293556213	0.939327597618103	1.0	0	0.0	0	0.0	0	0.9762948155403137	0.21644534170627594	0.0	0.21644534170627594	-0.9762948155403137	2.6583094950183295e-05	5.753786354034673e-06	-2.595293517515529e-05	-1.0
-0.7943504452705383	4.77884578704834	2.007723331451416	0.10874474048614502	0.178512841463089	1.0	0	0.0	0	0.0	0	-1.0	0.0	0.0	0.0	-0.9999967813491821	0.002547919750213623	0.0	0.002547919750213623	0.9999967813491821
-0.7943504452705383	3.709705352783203	4.02897310256958	0.16927535831928253	0.2926892936229706	1.0	0	0.0	0	0.0	0	-1.0	0.0	0.0	0.0	-0.9999968409538269	0.002547919750213623	0.0	0.002547919750213623	0.9999968409538269
-0.7943504452705383	3.765920639038086	4.068336009979248	0.16610096395015717	0.29492393136024475	1.0	0	0.0	0	0.0	0	-1.0	0.0	0.0	0.0	-0.9999968409538269	0.0025479199830442667	0.0	0.0025479199830442667	0.9999968409538269
0.490370512008667	6.638737201690674	1.2058300971984863	0.8957559466362	0.9336029291152954	1.0	0	0.0	0	0.0	0	0.2588214576244354	0.9659252166748047	0.0	0.9659251570701599	-0.25882142782211304	1.4880765775160398e-05	1.437370701751206e-05	-3.851461315207416e-06	-1.0
0.5168859958648682	6.631632328033447	0.7358565330505371	0.8973084092140198	0.9601815938949585	1.0	0	0.0	0	0.0	0	0.2588214576244354	0.9659252166748047	0.0	0.9659252166748047	-0.25882142782211304	1.48807666846551e-05	1.4373706108017359e-05	-3.851461315207416e-06	-1.0
0.490370512008667	6.638737201690674	0.7623724937438965	0.8957559466362	0.9586820006370544	1.0	0	0.0	0	0.0	0	0.2588214576244354	0.9659252166748047	0.0	0.9659252166748047	-0.25882142782211304	1.4880765775160398e-05	1.4373705198522657e-05	-3.851460860460065e-06	-1.0
-0.7575071454048157	4.210747718811035	7.283076286315918	0.048691097646951675	0.7328940629959106	1.0	0	0.0	0	0.0	0	-0.7057389616966248	-0.29941287636756897	0.6420937776565552	-0.5712292194366455	-0.2956274747848511	-0.7657034397125244	0.41908204555511475	-0.9071694612503052	0.037602443248033524
-0.7380965352058411	4.141512870788574	7.272126197814941	0.049666520208120346	0.7367372512817383	1.0	0	0.0	0	0.0	0	-0.7057389616966248	-0.29941287636756897	0.6420937776565552	-0.5712292194366455	-0.2956274747848511	-0.7657034397125244	0.41908204555511475	-0.9071694612503052	0.037602443248033524
-0.7380965352058411	4.204109191894531	7.3013153076171875	0.04741606488823891	0.7337028384208679	1.0	0	0.0	0	0.0	0	-0.7057389616966248	-0.29941287636756897	0.6420937776565552	-0.5712292194366455	-0.2956274449825287	-0.7657033801078796	0.41908198595046997	-0.9071694612503052	0.03760242462158203
0.7804529070854187	2.4975600242614746	-0.06469011306762695	0.15012536942958832	0.6114285588264465	1.0	0	0.0	0	0.0	0	0.0	0.18318013846874237	-0.9830794334411621	-1.0	0.0	0.0	0.0	0.9830794334411621	0.18318013846874237
0.7804529070854187	2.2350568771362305	-0.11360311508178711	0.15012535452842712	0.596327543258667	1.0	0	0.0	0	0.0	0	0.0	0.18318013846874237	-0.9830794334411621	-1.0	0.0	0.0	0.0	0.9830794334411621	0.18318013846874237
-0.7943504452705383	2.2350568771362305	-0.11360311508178711	0.23918603360652924	0.596327543258667	1.0	0	0.0	0	0.0	0	0.0	0.18318013846874237	-0.9830794334411621	-1.0	0.0	0.0	0.0	0.9830794334411621	0.18318013846874237
-0.5975001454353333	0.04424011707305908	-0.7493367195129395	0.9875132441520691	0.4532281160354614	1.0	0	0.0	0	0.0	0	0.0	-0.9659216403961182	-0.25883448123931885	0.0	-0.25883448123931885	0.9659217000007629	-1.0	0.0	0.0
0.5836026668548584	0.0406876802444458	-0.7360796928405762	0.9882894158363342	0.38643261790275574	1.0	0	0.0	0	0.0	0	0.0	-0.9659216403961182	-0.25883448123931885	0.0	-0.25883448123931885	0.9659217000007629	-1.0	0.0	0.0
-0.5975001454353333	0.0406876802444458	-0.7360796928405762	0.9882894158363342	0.4532281160354614	1.0	0	0.0	0	0.0	0	0.0	-0.9659216403961182	-0.25883448123931885	0.0	-0.25883445143699646	0.9659216403961182	-1.0	0.0	0.0
-0.7575071454048157	6.261602401733398	-0.25313234329223633	0.3010546863079071	0.6646292805671692	1.0	0	0.0	0	0.0	0	-0.7019378542900085	0.002884913934394717	-0.7122323513031006	0.5993222594261169	0.5427024364471436	-0.5884615182876587	0.38483259081840515	-0.839920163154602	-0.38267236948013306
-0.7380965352058411	6.264972686767578	-0.2722487449645996	0.30244216322898865	0.6653129458427429	1.0	0	0.0	0	0.0	0	-0.7019378542900085	0.002884913934394717	-0.7122323513031006	0.5993222594261169	0.5427023768424988	-0.5884615182876587	0.3848325312137604	-0.8399201035499573	-0.3826723098754883
-0.7380965352058411	4.77884578704834	-0.27826833724975586	0.2574847340583801	0.7368302345275879	1.0	0	0.0	0	0.0	0	-0.7019378542900085	0.002884913934394717	-0.7122323513031006	0.5993222594261169	0.5427023768424988	-0.5884615182876587	0.3848325312137604	-0.8399201035499573	-0.3826723098754883
-0.7943504452705383	2.7010087966918945	2.1180100440979004	0.7376357316970825	0.24808785319328308	1.0	0	0.0	0	0.0	0	0.0	-0.8314698338508606	0.5555700063705444	1.0	1.737460166850724e-07	2.6002948061432107e-07	-3.1273469858206226e-07	0.5555699467658997	0.8314697742462158
-0.7943504452705383	2.5579538345336914	1.9039130210876465	0.7376356720924377	0.23352576792240143	1.0	0	0.0	0	0.0	0	0.0	-0.8314698338508606	0.5555700063705444	1.0	1.830387077461637e-07	2.7393696200306294e-07	-3.294611303772399e-07	0.5555700063705444	0.8314698338508606
0.7804529070854187	2.5579538345336914	1.9039130210876465	0.8266963958740234	0.23352573812007904	1.0	0	0.0	0	0.0	0	0.0	-0.8314698338508606	0.5555700063705444	1.0	1.0224771074263117e-07	1.5302460099064774e-07	-1.840410845943552e-07	0.5555699467658997	0.8314697742462158
-0.6368702054023743	5.81584358215332	3.1494555473327637	0.33109936118125916	0.9309145212173462	1.0	0	0.0	0	0.0	0	-1.0	0.0	0.0	0.0	-1.0	-5.594376034423476e-06	0.0	-5.594376034423476e-06	1.0
-0.6368702054023743	5.78684139251709	3.2116522789001465	0.33273953199386597	0.9344319701194763	1.0	0	0.0	0	0.0	0	-1.0	0.0	0.0	0.0	-1.0	-5.594375124928774e-06	0.0	-5.594375124928774e-06	1.0
-0.6368702054023743	5.95994758605957	3.0053515434265137	0.3229497969150543	0.9227648973464966	1.0	0	0.0	0	0.0	0	-1.0	0.0	0.0	0.0	-1.0	-5.594376034423476e-06	0.0	-5.594376034423476e-06	1.0
0.7709552645683289	6.481482028961182	-0.04676675796508789	0.7237354516983032	0.06172819435596466	1.0	0	0.0	0	0.0	0	0.9989449381828308	0.045925725251436234	4.032947344967397e-06	-0.045925725251436234	0.9989449381828308	4.7686309699201956e-05	-1.838663820308284e-06	-4.7821209591347724e-05	1.0
0.7804519534111023	6.274909019470215	0.03921937942504883	0.7120859026908875	0.06657285988330841	1.0	0	0.0	0	0.0	0	0.9989449381828308	0.045925725251436234	4.032947344967397e-06	-0.045925721526145935	0.998944878578186	4.768630606122315e-05	-1.838663820308284e-06	-4.782120595336892e-05	1.0
0.7804524302482605	6.274909019470215	-0.07889127731323242	0.7120855450630188	0.05991898477077484	1.0	0	0.0	0	0.0	0	0.9989449381828308	0.045925725251436234	4.032947344967397e-06	-0.045925721526145935	0.998944878578186	4.768630606122315e-05	-1.838663820308284e-06	-4.782120595336892e-05	1.0
-0.7943504452705383	3.2725419998168945	5.376241683959961	0.19441556930541992	0.36872798204421997	1.0	0	0.0	0	0.0	0	-1.0	0.0	0.0	0.0	-0.9999807476997375	0.0062087466940283775	0.0	0.0062087466940283775	0.9999807476997375
-0.7943504452705383	3.338332176208496	5.3852128982543945	0.19071020185947418	0.36925700306892395	1.0	0	0.0	0	0.0	0	-1.0	0.0	0.0	0.0	-0.9999808073043823	0.006208747625350952	0.0	0.006208747625350952	0.9999808073043823
-0.7943504452705383	3.318422317504883	5.154420852661133	0.19173288345336914	0.3562332093715668	1.0	0	0.0	0	0.0	0	-1.0	0.0	0.0	0.0	-0.9999808073043823	0.006208747159689665	0.0	0.006208747159689665	0.9999808073043823
-0.7943504452705383	3.469742774963379	5.369665145874023	0.18330441415309906	0.36843013763427734	1.0	0	0.0	0	0.0	0	-1.0	0.0	0.0	0.0	-0.9999723434448242	0.007444887887686491	0.0	0.007444887887686491	0.9999723434448242
-0.7943504452705383	3.531622886657715	5.345589637756348	0.179813951253891	0.3671005070209503	1.0	0	0.0	0	0.0	0	-1.0	0.0	0.0	0.0	-0.999966561794281	0.008182882331311703	0.0	0.008182882331311703	0.999966561794281
-0.7943504452705383	3.355375289916992	5.157329559326172	0.1896473616361618	0.35641399025917053	1.0	0	0.0	0	0.0	0	-1.0	0.0	0.0	0.0	-0.9999620914459229	0.008704339154064655	0.0	0.008704339154064655	0.9999620914459229
-0.7943504452705383	3.7072887420654297	5.154420852661133	0.8131277561187744	0.6033674478530884	1.0	0	0.0	0	0.0	0	0.0	-0.07846900820732117	-0.9969165325164795	0.237791046500206	-0.9683213233947754	0.07621823251247406	-0.9713163375854492	-0.23705781996250153	0.018659228459000587
0.7804529070854187	3.7072887420654297	5.154420852661133	0.8142406344413757	0.4885478615760803	1.0	0	0.0	0	0.0	0	0.0	-0.07846900820732117	-0.9969165325164795	0.23779107630252838	-0.9683213829994202	0.07621823251247406	-0.971316397190094	-0.2370578497648239	0.018659230321645737
0.7804529070854187	3.670334815979004	5.157329559326172	0.8178945183753967	0.48920950293540955	1.0	0	0.0	0	0.0	0	0.0	-0.07846900820732117	-0.9969165325164795	0.2377910614013672	-0.9683213233947754	0.07621823251247406	-0.9713163375854492	-0.23705783486366272	0.018659228459000587
-0.7943504452705383	4.77884578704834	1.6140227317810059	0.8856614828109741	0.9823307991027832	1.0	0	0.0	0	0.0	0	0.0	1.0	0.0	0.0	0.0	-1.0	-1.0	0.0	0.0
-0.6368702054023743	4.77884578704834	1.495913028717041	0.8923410177230835	0.9734247326850891	1.0	0	0.0	0	0.0	0	0.0	1.0	0.0	0.0	0.0	-1.0	-1.0	0.0	0.0
-0.7943504452705383	4.77884578704834	1.495913028717041	0.8923410177230835	0.9823307991027832	1.0	0	0.0	0	0.0	0	0.0	1.0	0.0	0.0	0.0	-1.0	-1.0	0.0	0.0
-0.10537412762641907	3.779232978820801	4.080026149749756	0.9357188940048218	0.36357781291007996	1.0	1	0.0	0	0.0	0	0.0	-0.010672037489712238	-0.9999431371688843	-1.0	-2.611867785162758e-06	2.787553654570729e-08	-2.612016487546498e-06	0.9999431371688843	-0.010672037489712238
0.09147617965936661	3.5550365447998047	4.082418918609619	0.924586296081543	0.35089799761772156	1.0	1	0.0	0	0.0	0	0.0	-0.010672037489712238	-0.9999431371688843	-1.0	-2.6118680125364335e-06	2.787554009842097e-08	-2.612016487546498e-06	0.9999430775642395	-0.010672036558389664
-0.10537412762641907	3.5550365447998047	4.082418918609619	0.9357188940048218	0.35089802742004395	1.0	1	0.0	0	0.0	0	0.0	-0.010672037489712238	-0.9999431371688843	-1.0	-2.611867785162758e-06	2.787553654570729e-08	-2.612016487546498e-06	0.9999431371688843	-0.010672037489712238
0.7804529070854187	3.837368965148926	5.088142395019531	0.7991896271705627	0.48640176653862	1.0	0	0.0	0	0.0	0	0.0	-0.6494449973106384	-0.7604086995124817	0.15658462047576904	-0.7510286569595337	0.6414337754249573	-0.987664520740509	-0.11906828731298447	0.10169308632612228
0.7804529070854187	3.8091821670532227	5.112215995788574	0.8030233979225159	0.48684439063072205	1.0	0	0.0	0	0.0	0	0.0	-0.6494449973106384	-0.7604086995124817	0.15658462047576904	-0.7510287165641785	0.6414337754249573	-0.9876645803451538	-0.11906829476356506	0.10169309377670288
-0.7943504452705383	3.8091821670532227	5.112215995788574	0.8078196048736572	0.6054548621177673	1.0	0	0.0	0	0.0	0	0.0	-0.6494449973106384	-0.7604086995124817	0.15658462047576904	-0.7510286569595337	0.6414337754249573	-0.987664520740509	-0.11906828731298447	0.10169308632612228
0.759354293346405	6.5291314125061035	7.050171852111816	0.5724465250968933	0.6486542820930481	1.0	0	0.0	0	0.0	0	0.8181126117706299	0.5211775898933411	0.2430342137813568	0.5102148056030273	-0.46289247274398804	-0.7248526811599731	-0.26527827978134155	0.7170107960700989	-0.6446107029914856
0.7436091303825378	6.5502610206604	7.057862281799316	0.5711161494255066	0.6494620442390442	1.0	0	0.0	0	0.0	0	0.8181126117706299	0.5211775898933411	0.2430342137813568	0.5102148056030273	-0.46289247274398804	-0.7248526811599731	-0.26527827978134155	0.7170107960700989	-0.6446107029914856
0.7436091303825378	6.522501468658447	7.117391586303711	0.5694004893302917	0.646186113357544	1.0	0	0.0	0	0.0	0	0.8181126117706299	0.5211775898933411	0.2430342137813568	0.5102148056030273	-0.46289247274398804	-0.7248526811599731	-0.26527827978134155	0.7170107960700989	-0.6446107029914856
-0.7231295704841614	6.324865341186523	2.547708034515381	0.020294101908802986	0.21169282495975494	1.0	0	0.0	0	0.0	0	-0.7592069506645203	-0.2750638723373413	0.5898683667182922	0.24703314900398254	-0.9602694511413574	-0.12983599305152893	0.6021457314491272	0.047144658863544464	0.7969931364059448
-0.7271416783332825	6.310066223144531	2.5356431007385254	0.020950276404619217	0.21112056076526642	1.0	0	0.0	0	0.0	0	-0.7592069506645203	-0.2750638723373413	0.5898683667182922	0.24703314900398254	-0.9602694511413574	-0.12983599305152893	0.6021457314491272	0.047144658863544464	0.7969931364059448
-0.7231295704841614	6.308459281921387	2.54005765914917	0.02103470079600811	0.21138393878936768	1.0	0	0.0	0	0.0	0	-0.7592069506645203	-0.2750638723373413	0.5898683667182922	0.24703314900398254	-0.9602694511413574	-0.12983599305152893	0.6021457314491272	0.047144658863544464	0.7969931364059448
-0.7684457898139954	6.351651191711426	2.543839931488037	0.01808176189661026	0.21010717749595642	1.0	0	0.0	0	0.0	0	-0.25788190960884094	-0.5541874766349792	0.7914373874664307	0.5122678279876709	-0.7729552984237671	-0.37432846426963806	0.8191938400268555	0.3088953495025635	0.4832236170768738
-0.7684457898139954	6.334166526794434	2.5315966606140137	0.019125057384371758	0.20944568514823914	1.0	0	0.0	0	0.0	0	-0.25788190960884094	-0.5541874766349792	0.7914373874664307	0.5122678279876709	-0.7729552984237671	-0.37432846426963806	0.8191938400268555	0.3088953495025635	0.4832236170768738
-0.7618167996406555	6.333278656005859	2.533134937286377	0.019304288551211357	0.20979051291942596	1.0	0	0.0	0	0.0	0	-0.25788190960884094	-0.5541874766349792	0.7914373874664307	0.5122678279876709	-0.7729552984237671	-0.37432846426963806	0.8191938400268555	0.3088953495025635	0.4832236170768738
0.7804529070854187	3.290679931640625	-0.13409090042114258	0.5437129735946655	0.05627938732504845	1.0	0	0.0	0	0.0	0	1.0	1.6266325530978065e-07	4.3375322889005474e-07	-1.613887832263572e-07	0.9999956488609314	-0.0029366251546889544	-4.342290083059197e-07	0.0029366251546889544	0.9999956488609314
0.7804529070854187	3.540699005126953	-0.22785139083862305	0.5578754544258118	0.05101626738905907	1.0	0	0.0	0	0.0	0	1.0	1.6266325530978065e-07	4.3375322889005474e-07	-1.613887832263572e-07	0.9999957084655762	-0.0029366258531808853	-4.3422906514933857e-07	0.0029366258531808853	0.9999957084655762
0.7804524302482605	4.342700958251953	0.5707154273986816	0.6031452417373657	0.09632979333400726	1.0	0	0.0	0	0.0	0	1.0	1.6266325530978065e-07	4.3375322889005474e-07	-1.613887832263572e-07	0.999995768070221	-0.002936626086011529	-4.34229093571048e-07	0.002936626086011529	0.999995768070221
-0.7802870869636536	6.356045722961426	2.5386033058166504	0.017591284587979317	0.20945902168750763	1.0	0	0.0	0	0.0	0	-0.5721698999404907	-0.47043538093566895	0.6717977523803711	0.43830952048301697	-0.8677389025688171	-0.234337717294693	0.6931857466697693	0.16037434339523315	0.7026903033256531
-0.7802870869636536	6.33758544921875	2.5256762504577637	0.018747271969914436	0.20871935784816742	1.0	0	0.0	0	0.0	0	-0.5721698999404907	-0.47043538093566895	0.6717977523803711	0.4383094906806946	-0.8677388429641724	-0.2343376874923706	0.6931856870651245	0.16037432849407196	0.7026903033256531
-0.7746656537055969	6.3356170654296875	2.529085636138916	0.01893828995525837	0.20908640325069427	1.0	0	0.0	0	0.0	0	-0.5721698999404907	-0.47043538093566895	0.6717977523803711	0.4383094906806946	-0.8677388429641724	-0.2343377321958542	0.6931856870651245	0.16037431359291077	0.7026903033256531
0.7804529070854187	3.9065561294555664	4.369927883148193	0.5784180164337158	0.3113391101360321	1.0	0	0.0	0	0.0	0	1.0	1.8464689333086426e-07	-1.615525135889584e-08	-1.8456871941907593e-07	0.9999889731407166	0.004712709225714207	1.702526120084258e-08	-0.004712709225714207	0.9999889731407166
0.7804529070854187	3.9005746841430664	4.301562786102295	0.5780730247497559	0.307461678981781	1.0	0	0.0	0	0.0	0	1.0	1.8464689333086426e-07	-1.615525135889584e-08	-1.8456870520822122e-07	0.9999889135360718	0.004712709225714207	1.702525942448574e-08	-0.004712709225714207	0.9999889135360718
0.7804524302482605	6.471760272979736	4.1730780601501465	0.7235417366027832	0.29948392510414124	1.0	0	0.0	0	0.0	0	1.0	1.8464689333086426e-07	-1.615525135889584e-08	-1.8456871941907593e-07	0.9999889731407166	0.004712709225714207	1.702526120084258e-08	-0.004712709225714207	0.9999889731407166
0.6229717135429382	6.622660160064697	0.042757511138916016	0.7703871726989746	0.5819621086120605	1.0	0	0.0	0	0.0	0	0.08677829802036285	0.9622793197631836	-0.2578529417514801	-0.9861128926277161	0.04618081822991371	-0.15952640771865845	-0.141601100564003	0.2681155204772949	0.9529235363006592
0.6503183245658875	6.600874423980713	-0.02934122085571289	0.769649088382721	0.5773512721061707	1.0	0	0.0	0	0.0	0	0.08677829802036285	0.9622793197631836	-0.2578529417514801	-0.9861128926277161	0.04618081822991371	-0.15952640771865845	-0.141601100564003	0.2681155204772949	0.9529235363006592
0.6229717135429382	6.603121280670166	-0.030159473419189453	0.7712284326553345	0.577568531036377	1.0	0	0.0	0	0.0	0	0.08677829802036285	0.9622793197631836	-0.2578529417514801	-0.9861129522323608	0.04618081450462341	-0.15952642261981964	-0.141601100564003	0.2681155204772949	0.9529234766960144
0.41924452781677246	5.6548309326171875	7.362053871154785	0.9469355344772339	0.7873772978782654	1.0	0	0.0	0	0.0	0	0.004946785047650337	0.0023067055735737085	0.9999851584434509	0.9999877214431763	-2.1794605345348828e-05	-0.004946747794747353	1.0383590961282607e-05	0.9999973773956299	-0.002306785201653838
0.45549798011779785	5.577084541320801	7.362053871154785	0.9489858150482178	0.7829805016517639	1.0	0	0.0	0	0.0	0	0.004946785047650337	0.0023067055735737085	0.9999851584434509	0.9999878406524658	-2.1794605345348828e-05	-0.00494674826040864	1.0383589142293204e-05	0.9999973773956299	-0.0023067849688231945
0.6503183245658875	6.196168899536133	7.359662055969238	0.9600038528442383	0.8179922103881836	1.0	0	0.0	0	0.0	0	0.004946785047650337	0.0023067055735737085	0.9999851584434509	0.9999878406524658	-2.179460716433823e-05	-0.00494674826040864	1.0383590961282607e-05	0.9999973773956299	-0.0023067849688231945
-0.7943504452705383	2.9869766235351562	5.122469902038574	0.21044562757015228	0.35430294275283813	1.0	0	0.0	0	0.0	0	-1.0	0.0	0.0	0.0	-0.9999797940254211	0.006359611172229052	0.0	0.006359611172229052	0.9999797940254211
-0.7943504452705383	3.1642684936523438	5.0599565505981445	0.2004096359014511	0.3508329391479492	1.0	0	0.0	0	0.0	0	-1.0	0.0	0.0	0.0	-0.9999798536300659	0.0063596125692129135	0.0	0.0063596125692129135	0.9999798536300659
-0.7943504452705383	3.1449012756347656	5.028350830078125	0.20149408280849457	0.34903937578201294	1.0	0	0.0	0	0.0	0	-1.0	0.0	0.0	0.0	-0.9999797940254211	0.006359610706567764	0.0	0.006359610706567764	0.9999797940254211
-0.7943504452705383	3.638986587524414	5.268237113952637	0.1737431138753891	0.3628080189228058	1.0	0	0.0	0	0.0	0	-1.0	0.0	0.0	0.0	-0.9999665021896362	0.008192271925508976	0.0	0.008192271925508976	0.9999665021896362
-0.7943504452705383	3.6779775619506836	5.222015380859375	0.17153096199035645	0.36023733019828796	1.0	0	0.0	0	0.0	0	-1.0	0.0	0.0	0.0	-0.9999664425849915	0.008192271925508976	0.0	0.008192271925508976	0.9999664425849915
-0.7943504452705383	3.670334815979004	5.157329559326172	0.17192032933235168	0.3566111922264099	1.0	0	0.0	0	0.0	0	-1.0	0.0	0.0	0.0	-0.9999664425849915	0.008192270994186401	0.0	0.008192270994186401	0.9999664425849915
0.09147617965936661	3.2893152236938477	4.552864074707031	0.7604649662971497	0.43115776777267456	1.0	1	0.0	0	0.0	0	1.0	0.0	0.0	0.0	-0.29761043190956116	-0.9546874761581421	0.0	0.9546874761581421	-0.29761043190956116
0.09147617965936661	3.281574249267578	4.554176330566406	0.7605243921279907	0.43071773648262024	1.0	1	0.0	0	0.0	0	1.0	0.0	0.0	0.0	-0.2976379692554474	-0.9546788334846497	0.0	0.9546788334846497	-0.2976379692554474
0.09147617965936661	3.258551597595215	4.550347328186035	0.7611186504364014	0.42953917384147644	1.0	1	0.0	0	0.0	0	1.0	0.0	0.0	0.0	-0.29759860038757324	-0.9546911716461182	0.0	0.9546911716461182	-0.29759860038757324
-0.7943504452705383	2.9478979110717773	2.845320224761963	0.7376357316970825	0.291774183511734	1.0	0	0.0	0	0.0	0	0.0	-0.9807850122451782	0.19509181380271912	1.0	6.528364338009851e-08	3.2820042861203547e-07	-3.3463035720160406e-07	0.19509181380271912	0.9807850122451782
0.7804529070854187	2.897663116455078	2.5927748680114746	0.8266963958740234	0.2772120535373688	1.0	0	0.0	0	0.0	0	0.0	-0.9807850122451782	0.19509181380271912	1.0	6.528364338009851e-08	3.2820042861203547e-07	-3.3463035720160406e-07	0.19509181380271912	0.9807850122451782
0.7804529070854187	2.9478979110717773	2.845320224761963	0.8266963958740234	0.2917741537094116	1.0	0	0.0	0	0.0	0	0.0	-0.9807850122451782	0.19509181380271912	1.0	6.528364338009851e-08	3.2820042861203547e-07	-3.3463035720160406e-07	0.19509181380271912	0.9807850122451782
-0.7890756726264954	6.380005359649658	2.5478062629699707	0.015967488288879395	0.2097940295934677	1.0	0	0.0	0	0.0	0	-0.8181676268577576	-0.40657779574394226	0.4065665304660797	0.3839114010334015	-0.9126759171485901	-0.14012441039085388	0.4280349016189575	0.04144026339054108	0.9028116464614868
-0.7890756726264954	6.362778663635254	2.530579090118408	0.017083903774619102	0.2087932825088501	1.0	0	0.0	0	0.0	0	-0.8181676268577576	-0.40657779574394226	0.4065665304660797	0.3839113712310791	-0.9126758575439453	-0.1401243954896927	0.42803487181663513	0.04144027456641197	0.902811586856842
-0.7851398587226868	6.359165191650391	2.534885883331299	0.017338935285806656	0.20912691950798035	1.0	0	0.0	0	0.0	0	-0.8181676268577576	-0.40657779574394226	0.4065665304660797	0.3839113414287567	-0.9126758575439453	-0.14012441039085388	0.4280349016189575	0.041440244764089584	0.902811586856842
-0.7943504452705383	0.4135075807571411	0.35640954971313477	0.32709217071533203	0.4858110547065735	1.0	0	0.0	0	0.0	0	0.0	-0.5068295001983643	0.8620463013648987	1.0	0.0	0.0	0.0	0.8620463013648987	0.5068295001983643
-0.84356290102005	2.2608537673950195	1.4425339698791504	0.3243090808391571	0.6070041060447693	1.0	0	0.0	0	0.0	0	0.0	-0.5068295001983643	0.8620463013648987	1.0	0.0	0.0	0.0	0.8620463609695435	0.5068295001983643
-0.84356290102005	0.4135075807571411	0.35640954971313477	0.3243090510368347	0.4858110547065735	1.0	0	0.0	0	0.0	0	0.0	-0.5068295001983643	0.8620463013648987	1.0	0.0	0.0	0.0	0.8620463013648987	0.5068295001983643
-0.7943504452705383	5.81584358215332	3.1494555473327637	0.05039273574948311	0.24281851947307587	1.0	0	0.0	0	0.0	0	-1.0	0.0	0.0	0.0	-0.9999998807907104	0.00046823444426991045	0.0	0.00046823444426991045	0.9999998807907104
-0.7943504452705383	5.855206489562988	3.093240261077881	0.0481751449406147	0.23965467512607574	1.0	0	0.0	0	0.0	0	-1.0	0.0	0.0	0.0	-0.9999998807907104	0.0004648396570701152	0.0	0.0004648396570701152	0.9999998807907104
-0.7943504452705383	4.77884578704834	2.007723331451416	0.10874474048614502	0.178512841463089	1.0	0	0.0	0	0.0	0	-1.0	0.0	0.0	0.0	-0.9999979734420776	-0.002055512275546789	0.0	-0.002055512275546789	0.9999979734420776
0.09147617965936661	3.8144474029541016	4.116861820220947	0.8051347136497498	0.6350836157798767	1.0	1	0.0	0	0.0	0	0.0	-0.8191529512405396	0.5735751986503601	-0.8612543344497681	-0.2914761006832123	-0.41627237200737	0.5081741809844971	-0.4939941167831421	-0.7054990530014038
0.7804529070854187	3.8144474029541016	4.116861820220947	0.7902508974075317	0.6672255992889404	1.0	0	0.0	0	0.0	0	0.0	-0.8191529512405396	0.5735751986503601	-0.8612543344497681	-0.2914761006832123	-0.41627237200737	0.5081741809844971	-0.4939941167831421	-0.7054990530014038
0.7804529070854187	3.8538103103637695	4.1730780601501465	0.7868427634239197	0.6617995500564575	1.0	0	0.0	0	0.0	0	0.0	-0.8191529512405396	0.5735751986503601	-0.8612543940544128	-0.2914761006832123	-0.4162724018096924	0.5081741809844971	-0.4939940869808197	-0.705498993396759
0.759354293346405	3.7883825302124023	5.364104270935059	0.570942223072052	0.36825257539749146	1.0	0	0.0	0	0.0	0	0.818308413028717	-0.3710125982761383	0.4389999806880951	0.380239337682724	0.9221900105476379	0.07059461623430252	-0.4310328960418701	0.10915689915418625	0.8957093954086304
0.759354293346405	3.845343589782715	5.412243843078613	0.5742366909980774	0.37114670872688293	1.0	0	0.0	0	0.0	0	0.818308413028717	-0.3710125982761383	0.4389999806880951	0.380239337682724	0.9221900105476379	0.07059460133314133	-0.4310328960418701	0.10915690660476685	0.8957093954086304
0.7436091303825378	3.8295183181762695	5.428218841552734	0.573092520236969	0.37228286266326904	1.0	0	0.0	0	0.0	0	0.818308413028717	-0.3710125982761383	0.4389999806880951	0.3802393674850464	0.9221900105476379	0.07059462368488312	-0.4310328960418701	0.10915689915418625	0.8957094550132751
0.7709552645683289	6.525619983673096	2.943108081817627	0.7167684435844421	0.987074613571167	1.0	0	0.0	0	0.0	0	-0.7071067690849304	0.0	0.7071067690849304	0.6291732788085938	0.456379234790802	0.629173219203949	-0.3227088749408722	0.8897854089736938	-0.3227088749408722
0.7656976580619812	6.538313388824463	2.9378504753112793	0.7167231440544128	0.987904965877533	1.0	0	0.0	0	0.0	0	-0.7071067690849304	0.0	0.7071067690849304	0.6291732788085938	0.456379234790802	0.6291732788085938	-0.3227088451385498	0.8897853493690491	-0.3227088451385498
0.7750865817070007	6.512518405914307	2.947239398956299	0.7167231440544128	0.9862648248672485	1.0	0	0.0	0	0.0	0	-0.7071067690849304	0.0	0.7071067690849304	0.6291732788085938	0.456379234790802	0.629173219203949	-0.3227088749408722	0.8897854089736938	-0.3227088749408722
-0.20379950106143951	7.022940158843994	1.1022114753723145	0.960774838924408	0.37448185682296753	1.0	0	0.0	0	0.0	0	1.0	0.0	0.0	0.0	1.0	0.0	0.0	0.0	1.0
-0.20379950106143951	6.7867207527160645	0.8659911155700684	0.947415828704834	0.3611227571964264	1.0	0	0.0	0	0.0	0	1.0	0.0	0.0	0.0	1.0	0.0	0.0	0.0	1.0
-0.20379950106143951	7.022940158843994	0.8659911155700684	0.960774838924408	0.3611227571964264	1.0	0	0.0	0	0.0	0	1.0	0.0	0.0	0.0	1.0	0.0	0.0	0.0	1.0
0.1998254954814911	6.636946201324463	6.531574249267578	0.7444363236427307	0.9447557926177979	1.0	0	0.0	0	0.0	0	0.382437527179718	0.9239813685417175	7.155696494010044e-06	0.9239814281463623	-0.3824375569820404	-4.529663328867173e-06	-1.44871751217579e-06	8.344042726093903e-06	-1.0
0.19985219836235046	6.636938571929932	6.089581489562988	0.744437575340271	0.9697520136833191	1.0	0	0.0	0	0.0	0	0.382437527179718	0.9239813685417175	7.155696494010044e-06	0.9239813685417175	-0.382437527179718	-4.529662874119822e-06	-1.4487172848021146e-06	8.344043635588605e-06	-1.0
0.17705032229423523	6.646376132965088	6.112383842468262	0.7430419921875	0.9684624671936035	1.0	0	0.0	0	0.0	0	0.382437527179718	0.9239813685417175	7.155696494010044e-06	0.9239813685417175	-0.382437527179718	-4.529663328867173e-06	-1.4487177395494655e-06	8.344043635588605e-06	-1.0
-0.7732518315315247	3.9794092178344727	5.673535346984863	0.13787886500358582	0.7461317777633667	1.0	0	0.0	0	0.0	0	-0.9040480852127075	-0.42741531133651733	0.003657128196209669	-0.019189612939953804	0.032038528472185135	-0.9993024468421936	0.4269999563694	-0.9034876227378845	-0.037166304886341095
-0.7732523083686829	3.9906787872314453	6.990512847900391	0.06629619747400284	0.7429342269897461	1.0	0	0.0	0	0.0	0	-0.9040480852127075	-0.42741531133651733	0.003657128196209669	-0.019189612939953804	0.032038528472185135	-0.9993024468421936	0.4269999563694	-0.9034876227378845	-0.037166304886341095
-0.7848532795906067	4.015179634094238	6.98619270324707	0.06656887382268906	0.7414779663085938	1.0	0	0.0	0	0.0	0	-0.9040480852127075	-0.42741531133651733	0.003657128196209669	-0.019189612939953804	0.032038528472185135	-0.9993024468421936	0.4269999563694	-0.9034876227378845	-0.037166304886341095
0.6503183245658875	6.620304584503174	0.04317331314086914	0.768846869468689	0.5815748572349548	1.0	0	0.0	0	0.0	0	0.3049981892108917	0.952350378036499	-0.002241743030026555	-0.8954688310623169	0.2859784960746765	-0.34110379219055176	-0.3242092430591583	0.10604345053434372	0.9400230050086975
0.6229717135429382	6.629238605499268	0.11795949935913086	0.7690344452857971	0.5861609578132629	1.0	0	0.0	0	0.0	0	0.3049981892108917	0.952350378036499	-0.002241743030026555	-0.8954689502716064	0.2859785258769989	-0.34110382199287415	-0.3242092430591583	0.10604345053434372	0.9400230050086975
0.6503183245658875	6.626846790313721	2.8224711418151855	0.7177388668060303	0.7311719655990601	1.0	0	0.0	0	0.0	0	0.3049981892108917	0.952350378036499	-0.002241743030026555	-0.8954688906669617	0.2859785258769989	-0.34110382199287415	-0.3242092430591583	0.10604345053434372	0.9400229454040527
-0.7890756726264954	6.404276371002197	2.5898423194885254	0.014314270578324795	0.2122580111026764	1.0	0	0.0	0	0.0	0	-0.8181928992271423	-0.5210756659507751	0.24298259615898132	0.49989384412765503	-0.8535096645355225	-0.14706216752529144	0.28401851654052734	0.0011402888922020793	0.9588180780410767
-0.7890756726264954	6.393980503082275	2.567762851715088	0.015027904883027077	0.21095991134643555	1.0	0	0.0	0	0.0	0	-0.8181928992271423	-0.5210756659507751	0.24298259615898132	0.4998938739299774	-0.8535097241401672	-0.14706218242645264	0.2840185761451721	0.001140274340286851	0.9588181972503662
-0.7851398587226868	6.389111042022705	2.570573329925537	0.015374020673334599	0.21119321882724762	1.0	0	0.0	0	0.0	0	-0.8181928992271423	-0.5210756659507751	0.24298259615898132	0.4998938739299774	-0.8535097241401672	-0.14706218242645264	0.28401854634284973	0.0011402815580368042	0.9588180780410767
-0.5975001454353333	0.19697201251983643	0.4586958885192871	0.3326232135295868	0.6643818020820618	1.0	0	0.0	0	0.0	0	-1.0	0.0	0.0	0.0	0.9979240894317627	-0.06440214067697525	0.0	-0.06440214067697525	-0.9979240894317627
-0.5975001454353333	0.2827087640762329	0.3687319755554199	0.3377894461154938	0.6691468358039856	1.0	0	0.0	0	0.0	0	-1.0	0.0	0.0	0.0	0.9979239702224731	-0.06440213322639465	0.0	-0.06440213322639465	-0.9979239702224731
-0.5975001454353333	0.2774711847305298	0.34578561782836914	0.3375774025917053	0.6704609394073486	1.0	0	0.0	0	0.0	0	-1.0	0.0	0.0	0.0	0.9979240298271179	-0.06440213322639465	0.0	-0.06440213322639465	-0.9979240298271179
0.5836026668548584	0.2827087640762329	0.3687319755554199	0.8155637979507446	0.07699991762638092	1.0	0	0.0	0	0.0	0	0.0	-0.9749258756637573	0.22252994775772095	1.0	0.0	0.0	0.0	0.22252994775772095	0.9749258756637573
0.7804529070854187	0.2774711847305298	0.34578561782836914	0.8266963958740234	0.07566884160041809	1.0	0	0.0	0	0.0	0	0.0	-0.9749258756637573	0.22252994775772095	1.0	0.0	0.0	0.0	0.22252994775772095	0.9749258756637573
0.7804529070854187	0.2827087640762329	0.3687319755554199	0.8266963958740234	0.07699991762638092	1.0	0	0.0	0	0.0	0	0.0	-0.9749258756637573	0.22252994775772095	1.0	0.0	0.0	0.0	0.22252994775772095	0.9749258756637573
0.6503183245658875	6.4115071296691895	-0.2550187110900879	0.005848376080393791	0.8582579493522644	1.0	0	0.0	0	0.0	0	0.08681368082761765	0.42102736234664917	-0.9028839468955994	-0.9962048530578613	0.030988600105047226	-0.08133620768785477	-0.00626565795391798	0.9065183997154236	0.422119677066803
0.6503183245658875	6.343469619750977	-0.286745548248291	0.005858330056071281	0.8540019989013672	1.0	0	0.0	0	0.0	0	0.08681368082761765	0.42102736234664917	-0.9028839468955994	-0.9962049126625061	0.030988603830337524	-0.08133622258901596	-0.006265661679208279	0.9065183997154236	0.42211970686912537
0.6229721903800964	6.344287872314453	-0.28899335861206055	0.007411351427435875	0.8539999723434448	1.0	0	0.0	0	0.0	0	0.08681368082761765	0.42102736234664917	-0.9028839468955994	-0.9962048530578613	0.030988600105047226	-0.08133620768785477	-0.00626565795391798	0.9065183997154236	0.422119677066803
0.15145179629325867	6.6626877784729	6.137981414794922	0.12670406699180603	0.9798212051391602	1.0	0	0.0	0	0.0	0	0.0	0.7986136078834534	-0.601844072341919	0.0031539499759674072	0.6018410921096802	0.7986096739768982	0.9999950528144836	-0.0018981860484927893	-0.00251878728158772
0.15600797533988953	6.659254550933838	6.133425712585449	0.1263822317123413	0.9800798892974854	1.0	0	0.0	0	0.0	0	0.0	0.7986136078834534	-0.601844072341919	0.003153950208798051	0.6018410921096802	0.798609733581543	0.9999950528144836	-0.001898186164908111	-0.0025187875144183636
-0.1699059158563614	6.659254550933838	6.133425712585449	0.1263260692358017	0.9616484045982361	1.0	0	0.0	0	0.0	0	0.0	0.7986136078834534	-0.601844072341919	0.0031539499759674072	0.6018410921096802	0.7986096739768982	0.9999950528144836	-0.0018981860484927893	-0.00251878728158772
-0.7575071454048157	6.5502610206604	7.057862281799316	0.01650599017739296	0.601566731929779	1.0	0	0.0	0	0.0	0	-0.8181130290031433	0.5554630756378174	0.14883500337600708	-0.465138703584671	-0.4870012700557709	-0.7392400503158569	-0.3381376564502716	-0.6740108132362366	0.6567894220352173
-0.7732523083686829	6.545116901397705	6.990512847900391	0.019863311201334	0.599556565284729	1.0	0	0.0	0	0.0	0	-0.8181130290031433	0.5554630756378174	0.14883500337600708	-0.465138703584671	-0.48700129985809326	-0.7392399907112122	-0.338137686252594	-0.6740107536315918	0.6567894816398621
-0.7732523083686829	6.5291314125061035	7.050171852111816	0.01782177947461605	0.602389931678772	1.0	0	0.0	0	0.0	0	-0.8181130290031433	0.5554630756378174	0.14883500337600708	-0.46513864398002625	-0.4870012700557709	-0.7392400503158569	-0.338137686252594	-0.6740108132362366	0.6567894220352173
