4459	1532	13
-1.0	1.0	1.0	0.07998865842819214	0.934554934501648	1.0	12	0.0	0	0.0	0	-1.0	0.0	0.0	0.0	-1.0	0.0	0.0	0.0	1.0
-1.0	-1.0	-1.0	0.10342727601528168	0.9111146330833435	1.0	12	0.0	0	0.0	0	-1.0	0.0	0.0	0.0	-1.0	0.0	0.0	0.0	1.0
-1.0	-1.0	1.0	0.10342727601528168	0.934554934501648	1.0	12	0.0	0	0.0	0	-1.0	0.0	0.0	0.0	-1.0	0.0	0.0	0.0	1.0
-1.0	1.0	-1.0	0.7029463648796082	0.343717098236084	1.0	12	0.0	0	0.0	0	0.0	0.0	-1.0	1.0	0.0	0.0	0.0	-1.0	0.0
1.0	-1.0	-1.0	0.7263866662979126	0.3671574294567108	1.0	12	0.0	0	0.0	0	0.0	0.0	-1.0	1.0	0.0	0.0	0.0	-1.0	0.0
-1.0	-1.0	-1.0	0.7029463648796082	0.3671574294567108	1.0	12	0.0	0	0.0	0	0.0	0.0	-1.0	1.0	0.0	0.0	0.0	-1.0	0.0
1.0	1.0	-1.0	0.17716023325920105	0.9349334836006165	1.0	12	0.0	0	0.0	0	1.0	0.0	0.0	0.0	-1.0	0.0	0.0	0.0	-1.0
1.0	-1.0	1.0	0.2005988508462906	0.9114931225776672	1.0	12	0.0	0	0.0	0	1.0	0.0	0.0	0.0	-1.0	0.0	0.0	0.0	-1.0
1.0	-1.0	-1.0	0.2005988508462906	0.9349334836006165	1.0	12	0.0	0	0.0	0	1.0	0.0	0.0	0.0	-1.0	0.0	0.0	0.0	-1.0
1.0	1.0	1.0	0.4243183135986328	0.8569480776786804	1.0	12	0.0	0	0.0	0	0.0	0.0	1.0	-1.0	0.0	0.0	0.0	-1.0	0.0
-1.0	-1.0	1.0	0.44775861501693726	0.8803884387016296	1.0	12	0.0	0	0.0	0	0.0	0.0	1.0	-1.0	0.0	0.0	0.0	-1.0	0.0
1.0	-1.0	1.0	0.4243183135986328	0.8803884387016296	1.0	12	0.0	0	0.0	0	0.0	0.0	1.0	-1.0	0.0	0.0	0.0	-1.0	0.0
1.0	-1.0	-1.0	0.4865274727344513	0.8803884387016296	1.0	12	0.0	0	0.0	0	0.0	-1.0	0.0	-1.0	0.0	1.271410610570456e-06	-1.271410610570456e-06	0.0	-1.0
-1.0	-1.0	1.0	0.5099678039550781	0.8569481372833252	1.0	12	0.0	0	0.0	0	0.0	-1.0	0.0	-1.0	0.0	1.271410610570456e-06	-1.271410610570456e-06	0.0	-1.0
-1.0	-1.0	-1.0	0.5099678039550781	0.8803884387016296	1.0	12	0.0	0	0.0	0	0.0	-1.0	0.0	-1.0	0.0	0.0	0.0	0.0	-1.0
-1.0	1.0	-1.0	0.894437849521637	0.04282470792531967	1.0	12	0.0	0	0.0	0	0.0	1.0	0.0	1.0	0.0	1.1919497922008304e-07	1.1919497922008304e-07	0.0	-1.0
1.0	1.0	1.0	0.9178781509399414	0.019384397193789482	1.0	12	0.0	0	0.0	0	0.0	1.0	0.0	1.0	0.0	1.1919497922008304e-07	1.1919497922008304e-07	0.0	-1.0
1.0	1.0	-1.0	0.9178781509399414	0.04282471165060997	1.0	12	0.0	0	0.0	0	0.0	1.0	0.0	1.0	0.0	1.58926624749256e-07	1.58926624749256e-07	0.0	-1.0
0.379104882478714	81.50440979003906	4.232563018798828	0.9542317986488342	0.932981550693512	1.0	0	0.0	0	0.0	0	0.47212323546409607	-0.6599397659301758	0.5844477415084839	-0.7651932239532471	-0.6359862685203552	-0.10000409185886383	0.43769749999046326	-0.4000012278556824	-0.8052453398704529
0.9598580598831177	82.84886932373047	5.281545162200928	0.9458894729614258	0.921673059463501	1.0	2	0.0	0	0.0	0	0.47212323546409607	-0.6599397659301758	0.5844477415084839	-0.7651932835578918	-0.635986328125	-0.10000409185886383	0.43769747018814087	-0.4000012278556824	-0.8052453994750977
0.1572813242673874	82.84886169433594	5.929866790771484	0.9542317986488342	0.9129197597503662	1.0	2	0.0	0	0.0	0	0.47212323546409607	-0.6599397659301758	0.5844477415084839	-0.7651932239532471	-0.635986328125	-0.10000408440828323	0.4376973807811737	-0.4000011384487152	-0.8052452802658081
1.3671482801437378	86.48072052001953	6.017210960388184	0.3710997402667999	0.17252491414546967	1.0	2	0.0	0	0.0	0	0.9785833358764648	-0.14026173949241638	0.1506694108247757	-0.15017753839492798	0.0141462916508317	0.9885578155517578	-0.1407882571220398	-0.9900133609771729	-0.007220836356282234
0.9598580598831177	82.84886932373047	5.281545162200928	0.36179283261299133	0.21488548815250397	1.0	2	0.0	0	0.0	0	0.9785833358764648	-0.14026173949241638	0.1506694108247757	-0.15017753839492798	0.0141462916508317	0.9885578155517578	-0.140788272023201	-0.9900134801864624	-0.007220838218927383
1.5406147241592407	85.77389526367188	4.232563018798828	0.35005202889442444	0.1804942935705185	1.0	2	0.0	0	0.0	0	0.9785833358764648	-0.14026173949241638	0.1506694108247757	-0.15017755329608917	0.014146292582154274	0.9885578751564026	-0.1407882571220398	-0.9900134205818176	-0.007220838218927383
0.379104882478714	81.50440979003906	4.232563018798828	0.3526521325111389	0.4801027178764343	1.0	0	0.0	0	0.0	0	-0.8542085886001587	-0.45608362555503845	0.24963057041168213	-0.27119386196136475	-0.018798500299453735	-0.9623412489891052	0.44360077381134033	-0.8897384405136108	-0.10762923955917358
0.1572813242673874	82.84886169433594	5.929866790771484	0.33250731229782104	0.46463847160339355	1.0	2	0.0	0	0.0	0	-0.8542085886001587	-0.45608362555503845	0.24963057041168213	-0.27119386196136475	-0.018798500299453735	-0.9623412489891052	0.44360077381134033	-0.8897384405136108	-0.10762923955917358
-0.33874836564064026	82.84889221191406	4.232563018798828	0.35239624977111816	0.46424710750579834	1.0	2	0.0	0	0.0	0	-0.8542085886001587	-0.45608362555503845	0.24963057041168213	-0.27119383215904236	-0.01879849284887314	-0.9623411893844604	0.44360074400901794	-0.8897383213043213	-0.10762923210859299
0.379104882478714	81.50440979003906	4.232563018798828	0.3526521325111389	0.4801027178764343	1.0	0	0.0	0	0.0	0	-0.8542085886001587	-0.45608362555503845	-0.24963057041168213	0.2863876521587372	-0.012013360857963562	-0.9580385684967041	0.43394675850868225	-0.8898558020591736	0.14087863266468048
-0.33874836564064026	82.84889221191406	4.232563018798828	0.35239624977111816	0.46424710750579834	1.0	2	0.0	0	0.0	0	-0.8542085886001587	-0.45608362555503845	-0.24963057041168213	0.2863876521587372	-0.012013367377221584	-0.9580385088920593	0.43394675850868225	-0.8898558616638184	0.14087864756584167
0.1572813242673874	82.84886169433594	2.535259246826172	0.37228745222091675	0.4639964699745178	1.0	2	0.0	0	0.0	0	-0.8542085886001587	-0.45608362555503845	-0.24963057041168213	0.2863876521587372	-0.01201335247606039	-0.9580385088920593	0.43394678831100464	-0.8898558616638184	0.14087863266468048
0.379104882478714	81.50440979003906	4.232563018798828	0.9649893641471863	0.01938440464437008	1.0	0	0.0	0	0.0	0	0.47212326526641846	-0.6599397659301758	-0.5844476819038391	-0.765192985534668	-0.6359865069389343	0.10000446438789368	-0.43769776821136475	0.40000081062316895	-0.8052452802658081
0.1572813242673874	82.84886169433594	2.535259246826172	0.9649893641471863	0.03944623842835426	1.0	2	0.0	0	0.0	0	0.47212326526641846	-0.6599397659301758	-0.5844476819038391	-0.765192985534668	-0.6359865069389343	0.10000442713499069	-0.43769776821136475	0.40000084042549133	-0.8052452802658081
0.9598580598831177	82.84886932373047	3.1835808753967285	0.9566470384597778	0.030692916363477707	1.0	2	0.0	0	0.0	0	0.47212326526641846	-0.6599397659301758	-0.5844476819038391	-0.7651930451393127	-0.6359865069389343	0.10000446438789368	-0.43769776821136475	0.4000008702278137	-0.8052453398704529
1.3671482801437378	86.48072052001953	6.017210960388184	0.3710997402667999	0.17252491414546967	1.0	2	0.0	0	0.0	0	0.9914811253547668	-0.05490078777074814	0.11811515688896179	-0.11748312413692474	0.014611946418881416	0.992967426776886	-0.05624058097600937	-0.9983848929405212	0.008037551306188107
1.5406147241592407	85.77389526367188	4.232563018798828	0.35005202889442444	0.1804942935705185	1.0	2	0.0	0	0.0	0	0.9914811253547668	-0.05490078777074814	0.11811515688896179	-0.11748312413692474	0.014611946418881416	0.992967426776886	-0.05624058097600937	-0.9983848929405212	0.008037551306188107
1.6777186393737793	90.50674438476562	5.281549453735352	0.36323943734169006	0.12525351345539093	1.0	2	0.0	0	0.0	0	0.9914811253547668	-0.05490078777074814	0.11811515688896179	-0.11748311668634415	0.014611946418881416	0.9929673671722412	-0.05624058470129967	-0.998384952545166	0.008037553168833256
0.0017132163047790527	86.48072052001953	7.120210647583008	0.7993790507316589	0.5426514744758606	1.0	2	0.0	0	0.0	0	0.06451084464788437	-0.13063201308250427	0.9893298745155334	-0.9956300258636475	-0.07550714164972305	0.05495162680745125	0.0675230324268341	-0.9885514974594116	-0.13493217527866364
0.7380368709564209	85.77388000488281	6.978865623474121	0.7914004325866699	0.551564633846283	1.0	2	0.0	0	0.0	0	0.06451084464788437	-0.13063201308250427	0.9893298745155334	-0.9956299662590027	-0.07550713419914246	0.05495161935687065	0.06752302497625351	-0.9885514378547668	-0.13493217527866364
0.379104882478714	90.50674438476562	7.627202033996582	0.7914003729820251	0.49593544006347656	1.0	2	0.0	0	0.0	0	0.06451084464788437	-0.13063201308250427	0.9893298745155334	-0.9956300258636475	-0.07550714164972305	0.05495162680745125	0.0675230324268341	-0.9885514974594116	-0.13493217527866364
-0.8421818017959595	86.48075866699219	4.232563018798828	0.3517082631587982	0.4216187298297882	1.0	2	0.0	0	0.0	0	-0.9884696006774902	-0.055674806237220764	0.14081256091594696	-0.14003418385982513	-0.017662666738033295	-0.989989161491394	0.05760457366704941	-0.9982926845550537	0.009662631899118423
-0.560577392578125	85.77388763427734	5.929872512817383	0.33195245265960693	0.43026238679885864	1.0	2	0.0	0	0.0	0	-0.9884696006774902	-0.055674806237220764	0.14081256091594696	-0.14003416895866394	-0.017662664875388145	-0.9899891018867493	0.057604577392339706	-0.9982927441596985	0.009662631899118423
-0.9195089340209961	90.50674438476562	5.281549453735352	0.3386540412902832	0.37463057041168213	1.0	2	0.0	0	0.0	0	-0.9884696006774902	-0.055674806237220764	0.14081256091594696	-0.14003416895866394	-0.017662664875388145	-0.9899891018867493	0.057604577392339706	-0.9982927441596985	0.009662631899118423
0.0017132163047790527	86.48072052001953	1.3449156284332275	0.38554948568344116	0.42119213938713074	1.0	2	0.0	0	0.0	0	-0.88307124376297	-0.07701408118009567	-0.4628758728504181	0.4648313522338867	-0.008687124587595463	-0.8853565454483032	0.06416385620832443	-0.9969921112060547	0.04346990957856178
-0.560577392578125	85.77388763427734	2.5352535247802734	0.3717327415943146	0.4296203553676605	1.0	2	0.0	0	0.0	0	-0.88307124376297	-0.07701408118009567	-0.4628758728504181	0.4648313522338867	-0.008687124587595463	-0.8853565454483032	0.06416385620832443	-0.9969921112060547	0.04346990957856178
-0.42348191142082214	90.50674438476562	1.4862430095672607	0.3831309676170349	0.3739827871322632	1.0	2	0.0	0	0.0	0	-0.88307124376297	-0.07701408118009567	-0.4628758728504181	0.4648313820362091	-0.008687128312885761	-0.885356605052948	0.06416386365890503	-0.9969921708106995	0.04346991330385208
1.3671482801437378	86.48072052001953	2.4479150772094727	0.32927247881889343	0.17184987664222717	1.0	2	0.0	0	0.0	0	0.8602306842803955	-0.08063913881778717	-0.503488302230835	0.5064290165901184	0.02001488395035267	0.8620493412017822	-0.05943765491247177	-0.9965423941612244	0.058055415749549866
0.7380368709564209	85.77388000488281	1.486260175704956	0.31787094473838806	0.17986179888248444	1.0	2	0.0	0	0.0	0	0.8602306842803955	-0.08063913881778717	-0.503488302230835	0.5064290165901184	0.02001488395035267	0.8620493412017822	-0.05943765491247177	-0.9965423941612244	0.058055415749549866
1.1816916465759277	90.50674438476562	1.4862430095672607	0.3187647759914398	0.124465711414814	1.0	2	0.0	0	0.0	0	0.8602306842803955	-0.08063913881778717	-0.503488302230835	0.5064290165901184	0.02001488395035267	0.8620493412017822	-0.05943765491247177	-0.9965423941612244	0.058055415749549866
1.3671482801437378	86.48072052001953	6.017210960388184	0.3710997402667999	0.17252491414546967	1.0	2	0.0	0	0.0	0	0.9596031308174133	-0.02278183400630951	0.28043344616889954	-0.280220627784729	0.012116636149585247	0.9598591923713684	-0.02526526339352131	-0.9996671080589294	0.005243221297860146
1.6777186393737793	90.50674438476562	5.281549453735352	0.36323943734169006	0.12525351345539093	1.0	2	0.0	0	0.0	0	0.9596031308174133	-0.02278183400630951	0.28043344616889954	-0.280220627784729	0.012116634286940098	0.9598591327667236	-0.02526526153087616	-0.9996670484542847	0.005243220366537571
1.1816916465759277	90.50674438476562	6.978882789611816	0.3831309974193573	0.1255045086145401	1.0	2	0.0	0	0.0	0	0.9596031308174133	-0.02278183400630951	0.28043344616889954	-0.280220627784729	0.012116635218262672	0.9598591923713684	-0.02526525966823101	-0.9996669888496399	0.005243220832198858
0.0017132163047790527	86.48072052001953	7.120210647583008	0.7993790507316589	0.5426514744758606	1.0	2	0.0	0	0.0	0	-0.6279029846191406	-0.03902743011713028	0.7773125171661377	-0.7751152515411377	-0.058783311396837234	-0.6290794610977173	0.07024434953927994	-0.9975075721740723	0.006659460254013538
0.379104882478714	90.50674438476562	7.627202033996582	0.7914003729820251	0.49593544006347656	1.0	2	0.0	0	0.0	0	-0.6279029846191406	-0.03902743011713028	0.7773125171661377	-0.7751153111457825	-0.058783311396837234	-0.6290794610977173	0.07024434953927994	-0.9975075721740723	0.006659459322690964
-0.42348191142082214	90.50674438476562	6.978882789611816	0.8007798790931702	0.49522411823272705	1.0	2	0.0	0	0.0	0	-0.6279029846191406	-0.03902743011713028	0.7773125171661377	-0.7751152515411377	-0.058783311396837234	-0.6290794610977173	0.07024434953927994	-0.9975075721740723	0.006659460254013538
-0.8421818017959595	86.48075866699219	4.232563018798828	0.3517082631587982	0.4216187298297882	1.0	2	0.0	0	0.0	0	-0.9998156428337097	-0.019203463569283485	0.0	0.00030987305217422545	-0.01613333635032177	-0.9998698234558105	0.019200963899493217	-0.9996854662895203	0.01613631285727024
-0.9195089340209961	90.50674438476562	5.281549453735352	0.3386540412902832	0.37463057041168213	1.0	2	0.0	0	0.0	0	-0.9998156428337097	-0.019203463569283485	0.0	0.0003098730812780559	-0.01613333635032177	-0.9998698234558105	0.019200963899493217	-0.9996854662895203	0.01613631285727024
-0.9195089340209961	90.50674438476562	3.1835765838623047	0.3632394075393677	0.37423381209373474	1.0	2	0.0	0	0.0	0	-0.9998156428337097	-0.019203463569283485	0.0	0.0003098730812780559	-0.01613333635032177	-0.9998698234558105	0.019200963899493217	-0.9996854662895203	0.01613631285727024
0.0017132163047790527	86.48072052001953	1.3449156284332275	0.7834216356277466	0.7614386677742004	1.0	2	0.0	0	0.0	0	-0.6279029846191406	-0.03902752697467804	-0.7773125171661377	0.7751152515411377	0.05878323316574097	-0.6290794610977173	0.07024434953927994	-0.9975075721740723	-0.006659334525465965
-0.42348191142082214	90.50674438476562	1.4862430095672607	0.7820208072662354	0.7140112519264221	1.0	2	0.0	0	0.0	0	-0.6279029846191406	-0.03902752697467804	-0.7773125171661377	0.7751152515411377	0.05878322571516037	-0.6290794610977173	0.07024434208869934	-0.9975075721740723	-0.006659329868853092
0.379104882478714	90.50674438476562	0.8379237651824951	0.7914003133773804	0.7147225737571716	1.0	2	0.0	0	0.0	0	-0.6279029846191406	-0.03902752697467804	-0.7773125171661377	0.7751151919364929	0.05878322571516037	-0.6290794610977173	0.07024434953927994	-0.997507631778717	-0.006659332662820816
1.3671482801437378	86.48072052001953	2.4479150772094727	0.32927247881889343	0.17184987664222717	1.0	2	0.0	0	0.0	0	0.9596030712127686	-0.02278183400630951	-0.28043338656425476	0.2808690071105957	0.018870187923312187	0.9595606327056885	-0.01656872034072876	-0.9995623826980591	0.024506602436304092
1.1816916465759277	90.50674438476562	1.4862430095672607	0.3187647759914398	0.124465711414814	1.0	2	0.0	0	0.0	0	0.9596030712127686	-0.02278183400630951	-0.28043338656425476	0.2808689773082733	0.018870189785957336	0.9595605731010437	-0.01656871847808361	-0.9995623230934143	0.024506600573658943
1.6777186393737793	90.50674438476562	3.1835765838623047	0.3386540710926056	0.12485672533512115	1.0	2	0.0	0	0.0	0	0.9596030712127686	-0.02278183400630951	-0.28043338656425476	0.2808690071105957	0.018870191648602486	0.9595606327056885	-0.01656872034072876	-0.9995623826980591	0.02450660429894924
0.7564965486526489	94.53276824951172	7.120210647583008	0.38554951548576355	0.07829515635967255	1.0	2	0.0	0	0.0	0	0.8326701521873474	0.2043551504611969	0.514683723449707	-0.5270721912384033	0.007364074699580669	0.8497887253761292	0.16986852884292603	-0.9788691997528076	0.11384176462888718
1.3187872171401978	95.2396011352539	5.929872512817383	0.37173277139663696	0.06986694037914276	1.0	2	0.0	0	0.0	0	0.8326701521873474	0.2043551504611969	0.514683723449707	-0.5270721912384033	0.007364074699580669	0.8497887253761292	0.16986852884292603	-0.9788691997528076	0.11384176462888718
0.6009284257888794	98.16461944580078	5.929866790771484	0.37228748202323914	0.03549093380570412	1.0	2	0.0	0	0.0	0	0.8326701521873474	0.2043551504611969	0.514683723449707	-0.5270721912384033	0.007364074699580669	0.8497887253761292	0.16986852884292603	-0.9788691997528076	0.11384176462888718
-0.608938455581665	94.53276824951172	6.017210960388184	0.32927244901657104	0.3276374340057373	1.0	2	0.0	0	0.0	0	-0.879420280456543	0.18727433681488037	0.4376625120639801	-0.4488382041454315	-0.019824929535388947	-0.8933932185173035	-0.15863296389579773	-0.9821076393127441	0.1014903113245964
0.02017289400100708	95.23960876464844	6.978865623474121	0.3178709149360657	0.31962549686431885	1.0	2	0.0	0	0.0	0	-0.879420280456543	0.18727433681488037	0.4376625120639801	-0.44883817434310913	-0.0198249239474535	-0.8933931589126587	-0.15863297879695892	-0.9821075797080994	0.10149030387401581
-0.20164832472801208	98.16461944580078	5.281545162200928	0.33720752596855164	0.2849985957145691	1.0	2	0.0	0	0.0	0	-0.879420280456543	0.18727433681488037	0.4376625120639801	-0.44883817434310913	-0.01982492208480835	-0.8933931589126587	-0.15863297879695892	-0.9821075797080994	0.10149030387401581
-0.608938455581665	94.53276824951172	2.4479150772094727	0.37109971046447754	0.3269623816013336	1.0	2	0.0	0	0.0	0	-0.9785833358764648	0.1402617245912552	-0.15066950023174286	0.15017762780189514	-0.014146295376121998	-0.9885578155517578	-0.1407882422208786	-0.9900133609771729	-0.007220843806862831
-0.7824050188064575	95.23959350585938	4.232563018798828	0.35005199909210205	0.3189930021762848	1.0	2	0.0	0	0.0	0	-0.9785833358764648	0.1402617245912552	-0.15066950023174286	0.15017764270305634	-0.014146299101412296	-0.9885578751564026	-0.1407882571220398	-0.9900134205818176	-0.0072208428755402565
-0.20164832472801208	98.16461944580078	3.1835808753967285	0.36179280281066895	0.2846018075942993	1.0	2	0.0	0	0.0	0	-0.9785833358764648	0.1402617245912552	-0.15066950023174286	0.15017764270305634	-0.014146299101412296	-0.9885578751564026	-0.1407882571220398	-0.9900134205818176	-0.0072208428755402565
0.7564965486526489	94.53276824951172	1.3449156284332275	0.7993789911270142	0.6680065393447876	1.0	2	0.0	0	0.0	0	0.12048300355672836	0.3138373792171478	-0.9418014287948608	0.9857017397880554	0.07475417852401733	0.15100950002670288	0.11779601871967316	-0.9465293884277344	-0.30034342408180237
0.02017289400100708	95.23960876464844	1.486260175704956	0.7914003133773804	0.6590933799743652	1.0	2	0.0	0	0.0	0	0.12048300355672836	0.3138373792171478	-0.9418014287948608	0.9857017397880554	0.07475419342517853	0.15100950002670288	0.11779603362083435	-0.9465293884277344	-0.30034342408180237
0.6009284257888794	98.16461944580078	2.535259246826172	0.8007798194885254	0.6254246830940247	1.0	2	0.0	0	0.0	0	0.12048300355672836	0.3138373792171478	-0.9418014287948608	0.9857017993927002	0.07475418597459793	0.15100950002670288	0.11779601871967316	-0.9465294480323792	-0.30034345388412476
1.6003915071487427	94.53273010253906	4.232563018798828	0.3517082929611206	0.07786856591701508	1.0	2	0.0	0	0.0	0	0.9848905801773071	0.13652119040489197	-0.10654893517494202	0.10516756027936935	0.01731213741004467	0.994303822517395	0.13758811354637146	-0.9904858469963074	0.002692960202693939
1.3187872171401978	95.2396011352539	2.5352535247802734	0.3319524824619293	0.06922493129968643	1.0	2	0.0	0	0.0	0	0.9848905801773071	0.13652119040489197	-0.10654893517494202	0.10516755282878876	0.01731213741004467	0.9943037629127502	0.13758811354637146	-0.9904859066009521	0.002692960202693939
1.0969581604003906	98.16459655761719	4.232563018798828	0.35239627957344055	0.03524020314216614	1.0	2	0.0	0	0.0	0	0.9848905801773071	0.13652119040489197	-0.10654893517494202	0.10516756027936935	0.01731213927268982	0.994303822517395	0.13758811354637146	-0.9904858469963074	0.0026929620653390884
1.0969581604003906	98.16459655761719	4.232563018798828	0.35239627957344055	0.03524020314216614	1.0	2	0.0	0	0.0	0	0.8542081713676453	0.4560834467411041	-0.24963252246379852	0.27119600772857666	0.018798446282744408	0.9623405933380127	0.44360026717185974	-0.8897384405136108	-0.10763020813465118
0.6009284257888794	98.16461944580078	2.535259246826172	0.33250734210014343	0.03484892472624779	1.0	2	0.0	0	0.0	0	0.8542081713676453	0.4560834467411041	-0.24963252246379852	0.27119600772857666	0.01879844442009926	0.9623405933380127	0.44360026717185974	-0.8897384405136108	-0.10763020813465118
0.379104882478714	99.50907897949219	4.232563018798828	0.3526521623134613	0.019384397193789482	1.0	2	0.0	0	0.0	0	0.8542081713676453	0.4560834467411041	-0.24963252246379852	0.27119600772857666	0.0187984649091959	0.9623405933380127	0.44360026717185974	-0.8897384405136108	-0.10763019323348999
1.0969581604003906	98.16459655761719	4.232563018798828	0.35239627957344055	0.03524020314216614	1.0	2	0.0	0	0.0	0	0.9342787861824036	0.22929148375988007	-0.27303585410118103	0.27619773149490356	0.018835891038179398	0.96091628074646	0.22547279298305511	-0.973175585269928	-0.0457318089902401
1.3187872171401978	95.2396011352539	2.5352535247802734	0.3319524824619293	0.06922493129968643	1.0	2	0.0	0	0.0	0	0.9342787861824036	0.22929148375988007	-0.27303585410118103	0.27619773149490356	0.018835894763469696	0.96091628074646	0.22547279298305511	-0.9731755256652832	-0.0457318089902401
0.6009284257888794	98.16461944580078	2.535259246826172	0.33250734210014343	0.03484892472624779	1.0	2	0.0	0	0.0	0	0.9342787861824036	0.22929148375988007	-0.27303585410118103	0.27619773149490356	0.018835894763469696	0.9609162211418152	0.22547277808189392	-0.9731755256652832	-0.0457318089902401
1.3187872171401978	95.2396011352539	2.5352535247802734	0.3319524824619293	0.06922493129968643	1.0	2	0.0	0	0.0	0	0.832670271396637	0.2043551653623581	-0.5146837830543518	0.5221080183982849	0.020053524523973465	0.852643609046936	0.1845633089542389	-0.9786913990974426	-0.08999748528003693
0.7564965486526489	94.53276824951172	1.3449156284332275	0.31787094473838806	0.07720290124416351	1.0	2	0.0	0	0.0	0	0.832670271396637	0.2043551653623581	-0.5146837830543518	0.5221079587936401	0.020053518936038017	0.852643609046936	0.18456332385540009	-0.9786914587020874	-0.08999748528003693
0.6009284257888794	98.16461944580078	2.535259246826172	0.33250734210014343	0.03484892472624779	1.0	2	0.0	0	0.0	0	0.832670271396637	0.2043551653623581	-0.5146837830543518	0.5221079587936401	0.020053517073392868	0.852643609046936	0.18456332385540009	-0.9786914587020874	-0.08999748528003693
0.6009284257888794	98.16461944580078	2.535259246826172	0.9649893641471863	0.09827684611082077	1.0	2	0.0	0	0.0	0	-0.4721192419528961	0.659940242767334	-0.5844505429267883	0.7651951909065247	0.6359838247299194	0.10000497102737427	0.4376984238624573	-0.40000444650650024	-0.8052432537078857
-0.20164832472801208	98.16461944580078	3.1835808753967285	0.9566470384597778	0.08952352404594421	1.0	2	0.0	0	0.0	0	-0.4721192419528961	0.659940242767334	-0.5844505429267883	0.7651952505111694	0.6359838247299194	0.10000495612621307	0.4376983642578125	-0.40000447630882263	-0.8052432537078857
0.379104882478714	99.50907897949219	4.232563018798828	0.9649893641471863	0.07821501791477203	1.0	2	0.0	0	0.0	0	-0.4721192419528961	0.659940242767334	-0.5844505429267883	0.7651951313018799	0.6359838247299194	0.10000495612621307	0.4376984238624573	-0.40000444650650024	-0.8052432537078857
0.6009284257888794	98.16461944580078	2.535259246826172	0.8007798194885254	0.6254246830940247	1.0	2	0.0	0	0.0	0	-0.5826881527900696	0.37438181042671204	-0.7213271260261536	0.7914976477622986	0.060026220977306366	-0.6082172393798828	-0.18440693616867065	-0.9253296852111816	-0.33129891753196716
0.02017289400100708	95.23960876464844	1.486260175704956	0.7914003133773804	0.6590933799743652	1.0	2	0.0	0	0.0	0	-0.5826881527900696	0.37438181042671204	-0.7213271260261536	0.7914977073669434	0.06002622842788696	-0.6082172393798828	-0.18440692126750946	-0.9253297448158264	-0.33129891753196716
-0.20164832472801208	98.16461944580078	3.1835808753967285	0.7914004325866699	0.6247133612632751	1.0	2	0.0	0	0.0	0	-0.5826881527900696	0.37438181042671204	-0.7213271260261536	0.7914977073669434	0.06002622842788696	-0.6082172393798828	-0.18440692126750946	-0.9253297448158264	-0.33129891753196716
0.02017289400100708	95.23960876464844	1.486260175704956	0.3822367489337921	0.31858670711517334	1.0	2	0.0	0	0.0	0	-0.879420280456543	0.18727430701255798	-0.43766242265701294	0.4439704716205597	-0.009113838896155357	-0.8959951400756836	-0.1717856377363205	-0.9822653532028198	-0.07512935250997543
-0.608938455581665	94.53276824951172	2.4479150772094727	0.37109971046447754	0.3269623816013336	1.0	2	0.0	0	0.0	0	-0.879420280456543	0.18727430701255798	-0.43766242265701294	0.4439704716205597	-0.009113838896155357	-0.8959951400756836	-0.1717856377363205	-0.9822653532028198	-0.07512935250997543
-0.20164832472801208	98.16461944580078	3.1835808753967285	0.36179280281066895	0.2846018075942993	1.0	2	0.0	0	0.0	0	-0.879420280456543	0.18727430701255798	-0.43766242265701294	0.4439704418182373	-0.009113848209381104	-0.8959950804710388	-0.1717856526374817	-0.9822654128074646	-0.07512935250997543
-0.20164832472801208	98.16461944580078	3.1835808753967285	0.36179280281066895	0.2846018075942993	1.0	2	0.0	0	0.0	0	-0.9180148243904114	0.39654600620269775	0.0	-0.007007329724729061	-0.016222160309553146	-0.9998438358306885	-0.3964841365814209	-0.9178715944290161	0.01767091453075409
-0.20164832472801208	98.16461944580078	5.281545162200928	0.33720752596855164	0.2849985957145691	1.0	2	0.0	0	0.0	0	-0.9180148243904114	0.39654600620269775	0.0	-0.007007329724729061	-0.016222160309553146	-0.9998438358306885	-0.3964841365814209	-0.9178715944290161	0.01767091453075409
0.379104882478714	99.50907897949219	4.232563018798828	0.3492472469806671	0.2691279351711273	1.0	2	0.0	0	0.0	0	-0.9180148243904114	0.39654600620269775	0.0	-0.007007329724729061	-0.016222160309553146	-0.9998438954353333	-0.3964841067790985	-0.9178715348243713	0.01767091266810894
-0.20164832472801208	98.16461944580078	3.1835808753967285	0.36179280281066895	0.2846018075942993	1.0	2	0.0	0	0.0	0	-0.9808536767959595	0.19474607706069946	0.0	-0.003211893141269684	-0.016176948323845863	-0.9998640418052673	-0.1947195678949356	-0.9807202219963074	0.016492720693349838
-0.7824050188064575	95.23959350585938	4.232563018798828	0.35005199909210205	0.3189930021762848	1.0	2	0.0	0	0.0	0	-0.9808536767959595	0.19474607706069946	0.0	-0.003211893141269684	-0.016176948323845863	-0.9998639822006226	-0.1947195827960968	-0.9807202816009521	0.016492722555994987
-0.20164832472801208	98.16461944580078	5.281545162200928	0.33720752596855164	0.2849985957145691	1.0	2	0.0	0	0.0	0	-0.9808536767959595	0.19474607706069946	0.0	-0.003211893141269684	-0.016176948323845863	-0.9998640418052673	-0.1947195678949356	-0.9807202219963074	0.016492720693349838
-0.7824050188064575	95.23959350585938	4.232563018798828	0.35005199909210205	0.3189930021762848	1.0	2	0.0	0	0.0	0	-0.9785833358764648	0.1402617245912552	0.15066950023174286	-0.15464234352111816	-0.01780659332871437	-0.9878100752830505	-0.13586904108524323	-0.9899543523788452	0.03911563754081726
-0.608938455581665	94.53276824951172	6.017210960388184	0.32927244901657104	0.3276374340057373	1.0	2	0.0	0	0.0	0	-0.9785833358764648	0.1402617245912552	0.15066950023174286	-0.15464234352111816	-0.01780659332871437	-0.9878100156784058	-0.13586904108524323	-0.98995441198349	0.03911564126610756
-0.20164832472801208	98.16461944580078	5.281545162200928	0.33720752596855164	0.2849985957145691	1.0	2	0.0	0	0.0	0	-0.9785833358764648	0.1402617245912552	0.15066950023174286	-0.15464234352111816	-0.01780659519135952	-0.9878100752830505	-0.13586904108524323	-0.9899543523788452	0.03911563754081726
-0.20164832472801208	98.16461944580078	5.281545162200928	0.9566470384597778	0.1457989662885666	1.0	2	0.0	0	0.0	0	-0.4721192419528961	0.659940242767334	0.5844505429267883	0.765195369720459	0.6359835863113403	-0.10000452399253845	-0.4376979172229767	0.4000047445297241	-0.8052432537078857
0.6009284257888794	98.16461944580078	5.929866790771484	0.9649893641471863	0.13704565167427063	1.0	2	0.0	0	0.0	0	-0.4721192419528961	0.659940242767334	0.5844505429267883	0.765195369720459	0.6359835863113403	-0.10000452399253845	-0.4376979172229767	0.4000047445297241	-0.8052432537078857
0.379104882478714	99.50907897949219	4.232563018798828	0.9649893641471863	0.15710747241973877	1.0	2	0.0	0	0.0	0	-0.4721192419528961	0.659940242767334	0.5844505429267883	0.7651954889297485	0.6359835863113403	-0.10000451654195786	-0.4376978874206543	0.4000047743320465	-0.8052432537078857
-0.20164832472801208	98.16461944580078	5.281545162200928	0.7914002537727356	0.4059262275695801	1.0	2	0.0	0	0.0	0	-0.5826882123947144	0.37438175082206726	0.7213270664215088	-0.7914971709251404	-0.060023728758096695	-0.608218252658844	-0.18440908193588257	-0.9253299236297607	0.33129721879959106
0.02017289400100708	95.23960876464844	6.978865623474121	0.7914003729820251	0.44030624628067017	1.0	2	0.0	0	0.0	0	-0.5826882123947144	0.37438175082206726	0.7213270664215088	-0.7914971709251404	-0.060023725032806396	-0.608218252658844	-0.18440908193588257	-0.9253299236297607	0.33129721879959106
0.6009284257888794	98.16461944580078	5.929866790771484	0.7820208668708801	0.4066375195980072	1.0	2	0.0	0	0.0	0	-0.5826882123947144	0.37438175082206726	0.7213270664215088	-0.7914972305297852	-0.0600237138569355	-0.608218252658844	-0.18440908193588257	-0.9253299236297607	0.33129721879959106
0.02017289400100708	95.23960876464844	6.978865623474121	0.7914003729820251	0.44030624628067017	1.0	2	0.0	0	0.0	0	0.1204824224114418	0.3138374388217926	0.9418015480041504	-0.9857019186019897	-0.07475347071886063	0.15100866556167603	0.11779510974884033	-0.9465295076370239	0.30034369230270386
0.7564965486526489	94.53276824951172	7.120210647583008	0.7834216952323914	0.44921940565109253	1.0	2	0.0	0	0.0	0	0.1204824224114418	0.3138374388217926	0.9418015480041504	-0.9857019782066345	-0.07475347071886063	0.15100866556167603	0.11779509484767914	-0.9465294480323792	0.30034369230270386
0.6009284257888794	98.16461944580078	5.929866790771484	0.7820208668708801	0.4066375195980072	1.0	2	0.0	0	0.0	0	0.1204824224114418	0.3138374388217926	0.9418015480041504	-0.9857019782066345	-0.07475347816944122	0.15100866556167603	0.11779510974884033	-0.9465294480323792	0.30034366250038147
0.6009284257888794	98.16461944580078	5.929866790771484	0.37228748202323914	0.03549093380570412	1.0	2	0.0	0	0.0	0	0.8542081713676453	0.4560834467411041	0.24963250756263733	-0.2863897681236267	0.012013360857963562	0.9580378532409668	0.43394628167152405	-0.8898559808731079	0.1408795416355133
1.0969581604003906	98.16459655761719	4.232563018798828	0.35239627957344055	0.03524020314216614	1.0	2	0.0	0	0.0	0	0.8542081713676453	0.4560834467411041	0.24963250756263733	-0.2863897681236267	0.012013362720608711	0.9580379128456116	0.43394625186920166	-0.8898559212684631	0.1408795267343521
0.379104882478714	99.50907897949219	4.232563018798828	0.3526521623134613	0.019384397193789482	1.0	2	0.0	0	0.0	0	0.8542081713676453	0.4560834467411041	0.24963250756263733	-0.2863897681236267	0.01201335433870554	0.9580378532409668	0.43394628167152405	-0.8898559808731079	0.1408795416355133
0.6009284257888794	98.16461944580078	5.929866790771484	0.37228748202323914	0.03549093380570412	1.0	2	0.0	0	0.0	0	0.9342787861824036	0.22929148375988007	0.27303585410118103	-0.28321608901023865	0.012066924013197422	0.958980143070221	0.21659129858016968	-0.973283052444458	0.07621292024850845
1.3187872171401978	95.2396011352539	5.929872512817383	0.37173277139663696	0.06986694037914276	1.0	2	0.0	0	0.0	0	0.9342787861824036	0.22929148375988007	0.27303585410118103	-0.28321611881256104	0.0120669174939394	0.9589802026748657	0.21659128367900848	-0.9732829928398132	0.07621291279792786
1.0969581604003906	98.16459655761719	4.232563018798828	0.35239627957344055	0.03524020314216614	1.0	2	0.0	0	0.0	0	0.9342787861824036	0.22929148375988007	0.27303585410118103	-0.28321608901023865	0.012066924013197422	0.958980143070221	0.21659129858016968	-0.973283052444458	0.07621292024850845
1.3187872171401978	95.2396011352539	5.929872512817383	0.37173277139663696	0.06986694037914276	1.0	2	0.0	0	0.0	0	0.9848905801773071	0.13652119040489197	0.10654895007610321	-0.1095614805817604	0.014724239706993103	0.9938709735870361	0.1341155767440796	-0.9905277490615845	0.02945922687649727
1.6003915071487427	94.53273010253906	4.232563018798828	0.3517082929611206	0.07786856591701508	1.0	2	0.0	0	0.0	0	0.9848905801773071	0.13652119040489197	0.10654895007610321	-0.109561488032341	0.014724240638315678	0.9938710331916809	0.13411559164524078	-0.9905277490615845	0.02945922687649727
1.0969581604003906	98.16459655761719	4.232563018798828	0.35239627957344055	0.03524020314216614	1.0	2	0.0	0	0.0	0	0.9848905801773071	0.13652119040489197	0.10654895007610321	-0.10956147313117981	0.014724235981702805	0.9938709139823914	0.1341155767440796	-0.9905276894569397	0.02945922128856182
1.6777186393737793	90.50674438476562	3.1835765838623047	0.3386540710926056	0.12485672533512115	1.0	2	0.0	0	0.0	0	0.9884696006774902	0.05567478388547897	-0.1408124715089798	0.14003415405750275	0.01766175776720047	0.989989161491394	0.05760442838072777	-0.9982927441596985	0.009661739692091942
1.3187872171401978	95.2396011352539	2.5352535247802734	0.3319524824619293	0.06922493129968643	1.0	2	0.0	0	0.0	0	0.9884696006774902	0.05567478388547897	-0.1408124715089798	0.14003416895866394	0.01766175776720047	0.9899892210960388	0.057604432106018066	-0.9982928037643433	0.009661738760769367
1.6003915071487427	94.53273010253906	4.232563018798828	0.3517082929611206	0.07786856591701508	1.0	2	0.0	0	0.0	0	0.9884696006774902	0.05567478388547897	-0.1408124715089798	0.14003416895866394	0.01766175776720047	0.9899892210960388	0.057604432106018066	-0.9982928037643433	0.009661738760769367
1.6777186393737793	90.50674438476562	3.1835765838623047	0.3386540710926056	0.12485672533512115	1.0	2	0.0	0	0.0	0	0.9592857956886292	0.034348491579294205	-0.28034070134162903	0.2798340320587158	0.01886262558400631	0.9598631262779236	0.03825781121850014	-0.9992319345474243	0.00848277099430561
1.1816916465759277	90.50674438476562	1.4862430095672607	0.3187647759914398	0.124465711414814	1.0	2	0.0	0	0.0	0	0.9592857956886292	0.034348491579294205	-0.28034070134162903	0.2798340320587158	0.01886262558400631	0.9598631262779236	0.03825781121850014	-0.9992319345474243	0.00848277099430561
1.3187872171401978	95.2396011352539	2.5352535247802734	0.3319524824619293	0.06922493129968643	1.0	2	0.0	0	0.0	0	0.9592857956886292	0.034348491579294205	-0.28034070134162903	0.27983400225639343	0.01886262558400631	0.9598630666732788	0.03825781121850014	-0.9992319345474243	0.00848277285695076
1.1816916465759277	90.50674438476562	1.4862430095672607	0.3187647759914398	0.124465711414814	1.0	2	0.0	0	0.0	0	0.88307124376297	0.07701408118009567	-0.46287593245506287	0.4628022015094757	0.0198820773512125	0.8862385749816895	0.0774557814002037	-0.9968317747116089	-0.018084993585944176
0.7564965486526489	94.53276824951172	1.3449156284332275	0.31787094473838806	0.07720290124416351	1.0	2	0.0	0	0.0	0	0.88307124376297	0.07701408118009567	-0.46287593245506287	0.4628021717071533	0.0198820773512125	0.8862385153770447	0.0774557814002037	-0.9968317747116089	-0.018084993585944176
1.3187872171401978	95.2396011352539	2.5352535247802734	0.3319524824619293	0.06922493129968643	1.0	2	0.0	0	0.0	0	0.88307124376297	0.07701408118009567	-0.46287593245506287	0.4628022015094757	0.019882075488567352	0.8862385749816895	0.0774557814002037	-0.9968317747116089	-0.018084995448589325
0.379104882478714	90.50674438476562	0.8379237651824951	0.7914003133773804	0.7147225737571716	1.0	2	0.0	0	0.0	0	-0.06451015174388885	0.13063205778598785	-0.9893298745155334	0.9956300258636475	0.07550723850727081	-0.05495091527700424	0.06752321869134903	-0.9885513782501221	-0.13493217527866364
0.02017289400100708	95.23960876464844	1.486260175704956	0.7914003133773804	0.6590933799743652	1.0	2	0.0	0	0.0	0	-0.06451015174388885	0.13063205778598785	-0.9893298745155334	0.9956300258636475	0.07550723105669022	-0.05495091527700424	0.06752321124076843	-0.9885513782501221	-0.13493217527866364
0.7564965486526489	94.53276824951172	1.3449156284332275	0.7993789911270142	0.6680065393447876	1.0	2	0.0	0	0.0	0	-0.06451015174388885	0.13063205778598785	-0.9893298745155334	0.9956300258636475	0.07550723105669022	-0.05495091527700424	0.06752321869134903	-0.9885514974594116	-0.13493219017982483
0.379104882478714	90.50674438476562	0.8379237651824951	0.7914003133773804	0.7147225737571716	1.0	2	0.0	0	0.0	0	-0.6272943615913391	0.05880487710237503	-0.776559054851532	0.7787287831306458	0.059057123959064484	-0.6245749592781067	0.009133283980190754	-0.9965211153030396	-0.0828392431139946
-0.42348191142082214	90.50674438476562	1.4862430095672607	0.7820208072662354	0.7140112519264221	1.0	2	0.0	0	0.0	0	-0.6272943615913391	0.05880487710237503	-0.776559054851532	0.778728723526001	0.05905711278319359	-0.6245748996734619	0.009133283980190754	-0.9965211153030396	-0.0828392431139946
0.02017289400100708	95.23960876464844	1.486260175704956	0.7914003133773804	0.6590933799743652	1.0	2	0.0	0	0.0	0	-0.6272943615913391	0.05880487710237503	-0.776559054851532	0.7787286639213562	0.059057120233774185	-0.6245749592781067	0.009133285842835903	-0.9965210556983948	-0.0828392431139946
-0.42348191142082214	90.50674438476562	1.4862430095672607	0.3831309676170349	0.3739827871322632	1.0	2	0.0	0	0.0	0	-0.8602308034896851	0.08063915371894836	-0.5034882426261902	0.5045690536499023	-0.007855690084397793	-0.8633356094360352	-0.07357390224933624	-0.9967124462127686	-0.03393031656742096
-0.608938455581665	94.53276824951172	2.4479150772094727	0.37109971046447754	0.3269623816013336	1.0	2	0.0	0	0.0	0	-0.8602308034896851	0.08063915371894836	-0.5034882426261902	0.5045690536499023	-0.007855690084397793	-0.8633356094360352	-0.07357390224933624	-0.9967124462127686	-0.03393031656742096
0.02017289400100708	95.23960876464844	1.486260175704956	0.3822367489337921	0.31858670711517334	1.0	2	0.0	0	0.0	0	-0.8602308034896851	0.08063915371894836	-0.5034882426261902	0.5045690536499023	-0.007855690084397793	-0.8633356094360352	-0.07357390224933624	-0.9967124462127686	-0.03393031656742096
-0.9195089340209961	90.50674438476562	3.1835765838623047	0.3632394075393677	0.37423381209373474	1.0	2	0.0	0	0.0	0	-0.9914810657501221	0.05490080267190933	-0.11811522394418716	0.11748317629098892	-0.01461226399987936	-0.9929673671722412	-0.056240636855363846	-0.9983848929405212	0.008037863299250603
-0.7824050188064575	95.23959350585938	4.232563018798828	0.35005199909210205	0.3189930021762848	1.0	2	0.0	0	0.0	0	-0.9914810657501221	0.05490080267190933	-0.11811522394418716	0.11748318374156952	-0.014612264931201935	-0.992967426776886	-0.056240640580654144	-0.998384952545166	0.008037863299250603
-0.608938455581665	94.53276824951172	2.4479150772094727	0.37109971046447754	0.3269623816013336	1.0	2	0.0	0	0.0	0	-0.9914810657501221	0.05490080267190933	-0.11811522394418716	0.11748318374156952	-0.01461226586252451	-0.992967426776886	-0.056240640580654144	-0.998384952545166	0.008037864230573177
-0.9195089340209961	90.50674438476562	3.1835765838623047	0.3632394075393677	0.37423381209373474	1.0	2	0.0	0	0.0	0	-0.9995807409286499	0.02895643562078476	0.0	-0.0004676301614381373	-0.016142668202519417	-0.9998695850372314	-0.02895266003906727	-0.9994503855705261	0.01614944078028202
-0.9195089340209961	90.50674438476562	5.281549453735352	0.3386540412902832	0.37463057041168213	1.0	2	0.0	0	0.0	0	-0.9995807409286499	0.02895643562078476	0.0	-0.0004676301614381373	-0.016142668202519417	-0.9998695850372314	-0.02895266003906727	-0.9994503855705261	0.01614944078028202
-0.7824050188064575	95.23959350585938	4.232563018798828	0.35005199909210205	0.3189930021762848	1.0	2	0.0	0	0.0	0	-0.9995807409286499	0.02895643562078476	0.0	-0.0004676301614381373	-0.016142668202519417	-0.9998695850372314	-0.02895266003906727	-0.9994503855705261	0.01614944078028202
